$ 1 0.000005 3.9121283998153213 58 5 50 5e-11
r 528 368 608 368 0 1000
t 624 368 672 368 0 1 -4.9999999948999525 -0.0010002026469338235 100 default
w 672 400 672 384 0
R 672 240 672 192 0 0 40 5 0 0 0.5
w 672 320 672 352 0
g 512 512 512 528 0 0
w 512 496 512 512 0
w 672 240 672 320 0
w 704 400 672 400 0
g 928 496 928 512 0 0
c 928 432 928 480 0 0.0000047 0.0010002001042437613 0.001
w 928 480 928 496 0
w 928 400 928 432 0
r 736 400 800 400 0 1500
p 1008 400 1008 448 1 0 0
g 1008 496 1008 512 0 0
w 1008 448 1008 496 0
w 736 400 704 400 0
w 896 400 928 400 0
w 1008 400 928 400 0
370 816 400 880 400 1 0 0
w 816 400 800 400 0
w 896 400 880 400 0
S 496 368 496 464 0 0 false 0 2
w 496 368 528 368 0
w 608 368 624 368 0
w 512 464 512 496 0
w 480 464 480 496 0
w 480 496 432 496 0
w 432 496 432 240 0
w 432 240 672 240 0
o 20 64 0 4097 5 0.00009765625 0 2 20 3
o 14 64 0 4098 0.009765625 0.1 1 1
