$ 1 0.000005 3.9121283998153213 58 5 50 5e-11
R 320 272 320 224 0 0 40 5 0 0 0.5
g 640 640 640 656 0 0
c 640 576 640 624 0 0.0000047 0.001 0.001
w 640 624 640 640 0
r 512 288 576 288 0 1500
183 768 448 912 448 0 0.5 1.66 3.2 5 0
r 512 368 576 368 0 1000
r 512 448 576 448 0 800
s 352 288 400 288 0 0 false
w 464 288 512 288 0
w 352 288 320 288 0
s 352 368 400 368 0 1 false
s 352 448 400 448 0 1 false
w 320 288 320 272 0
w 352 368 320 368 0
w 320 368 320 288 0
w 352 448 320 448 0
w 320 448 320 368 0
w 464 368 512 368 0
w 464 448 512 448 0
w 576 448 640 448 0
w 576 368 640 368 0
w 640 448 640 368 0
w 576 288 640 288 0
w 640 288 640 368 0
r 512 528 576 528 0 100
w 576 528 640 528 0
s 352 528 400 528 0 1 false
w 512 528 464 528 0
w 352 528 320 528 0
g 320 640 320 656 0 0
w 320 640 320 528 0
w 640 576 640 528 0
w 640 528 640 448 0
w 640 448 688 448 0
x 410 273 498 276 4 14 GPIO_R_REF
x 408 351 504 354 4 14 GPIO_R_RTD1
x 406 430 502 433 4 14 GPIO_R_RTD2
x 391 504 506 507 4 14 IO_DISCHARGER
x 880 436 982 439 4 14 GPIO_SENS_IN
w 400 288 464 288 0
w 400 368 464 368 0
w 400 448 464 448 0
w 400 528 464 528 0
p 912 480 912 544 1 0 0
w 912 480 912 448 0
g 912 640 912 656 0 0
w 912 640 912 544 0
p 768 512 768 576 1 0 0
g 768 640 768 656 0 0
w 768 640 768 576 0
w 768 512 768 448 0
w 688 448 768 448 0
o 48 32 0 4098 5 0.1 0 2 44 0
